max_size	None
min_freq	None
unknown	<unk>
padding	<pad>
rebuild	False

患	3437	5	0
者	3413	7	0
1	1318	42	0
天	710	100	0
前	1580	28	0
无	10461	3	0
明	2237	13	0
显	2187	14	0
诱	862	84	0
因	916	78	0
下	1046	62	0
出	1587	27	0
现	2052	18	0
右	1181	48	0
侧	1347	38	0
肢	2151	16	0
体	2448	11	0
力	1128	54	0
，	23099	2	0
上	456	137	0
持	876	83	0
续	762	93	0
稍	222	222	0
欠	210	228	0
佳	326	175	0
行	1233	44	0
走	681	105	0
稳	450	140	0
伴	1213	46	0
言	760	95	0
语	810	89	0
含	128	300	0
糊	530	127	0
四	296	185	0
抽	699	101	0
搐	695	104	0
头	2849	9	0
痛	1758	21	0
晕	1443	34	0
视	1471	32	0
物	1755	22	0
旋	536	124	0
转	886	81	0
吞	264	199	0
咽	286	187	0
困	354	163	0
难	352	164	0
及	1341	39	0
饮	1427	35	0
水	582	116	0
呛	554	121	0
咳	1206	47	0
恶	951	73	0
心	1856	20	0
呕	1107	57	0
吐	1145	51	0
畏	225	221	0
寒	269	196	0
发	2083	17	0
热	631	111	0
乱	48	467	0
胸	953	71	0
闷	589	115	0
悸	363	158	0
气	231	218	0
短	204	233	0
。	4574	4	0
起	201	236	0
初	32	563	0
未	1142	52	0
予	557	120	0
重	1336	41	0
时	880	82	0
就	967	69	0
诊	3390	8	0
症	965	70	0
状	903	80	0
不	2384	12	0
缓	593	113	0
解	697	102	0
遂	440	142	0
送	125	303	0
至	602	112	0
我	1532	29	0
院	2604	10	0
急	827	86	0
查	811	88	0
颅	750	96	0
C	717	99	0
T	763	92	0
：	393	151	0
阅	6	931	0
片	112	320	0
见	440	143	0
血	1659	25	0
为	1380	37	0
进	1019	63	0
一	1341	40	0
步	948	74	0
治	2012	19	0
拟	544	122	0
“	1503	31	0
脑	1726	23	0
梗	842	85	0
死	497	128	0
”	1505	30	0
收	1133	53	0
入	1235	43	0
病	2163	15	0
程	977	67	0
中	1157	49	0
神	744	98	0
志	130	296	0
清	820	87	0
精	558	119	0
尚	459	136	0
可	1401	36	0
纳	210	229	0
眠	1119	55	0
般	252	208	0
大	1470	33	0
小	1598	26	0
便	1700	24	0
正	785	90	0
常	1223	45	0
近	591	114	0
期	493	130	0
变	750	97	0
化	667	106	0
既	177	251	0
往	191	245	0
有	922	76	0
高	405	149	0
压	361	159	0
史	762	94	0
最	28	582	0
8	182	250	0
0	998	65	0
/	210	230	0
2	910	79	0
m	278	193	0
H	64	417	0
g	148	277	0
长	64	418	0
服	343	171	0
用	156	269	0
硝	20	644	0
苯	22	626	0
地	338	172	0
平	239	213	0
；	284	190	0
糖	254	207	0
尿	426	144	0
二	350	165	0
甲	38	519	0
双	482	131	0
胍	16	698	0
控	298	184	0
制	106	330	0
详	236	216	0
否	531	126	0
认	533	125	0
冠	168	261	0
手	174	252	0
术	122	306	0
食	1115	56	0
药	347	169	0
过	255	205	0
敏	143	281	0
开	50	460	0
始	44	481	0
、	3424	6	0
厥	136	288	0
失	697	103	0
禁	381	154	0
系	112	321	0
统	78	380	0
意	974	68	0
识	938	75	0
障	666	107	0
碍	664	108	0
成	256	204	0
和	196	240	0
模	402	150	0
呼	244	212	0
吸	194	242	0
等	392	152	0
睡	1051	61	0
如	220	224	0
减	329	174	0
轻	315	180	0
于	414	147	0
月	270	194	0
日	350	166	0
枕	84	368	0
部	442	141	0
3	578	117	0
肩	20	645	0
适	186	248	0
呈	120	311	0
阵	96	345	0
性	1093	59	0
分	304	182	0
钟	220	225	0
左	1011	64	0
黑	190	246	0
蒙	22	627	0
求	326	176	0
来	1154	50	0
门	632	110	0
以	1107	58	0
管	350	167	0
嗽	368	157	0
腹	917	77	0
泻	375	156	0
自	978	66	0
外	170	258	0
路	62	421	0
后	953	72	0
突	336	173	0
站	58	430	0
立	96	346	0
?	30	572	0
楚	20	646	0
约	202	235	0
憋	28	583	0
喘	62	422	0
痰	286	188	0
-	358	160	0
4	324	177	0
检	250	209	0
示	470	135	0
多	258	201	0
腔	255	206	0
隙	134	292	0
塞	302	183	0
暂	188	247	0
缺	206	231	0
作	454	138	0
住	645	109	0
欲	108	325	0
昨	166	262	0
晚	80	375	0
麻	495	129	0
木	473	134	0
质	136	289	0
描	10	812	0
述	126	301	0
每	122	307	0
次	382	153	0
余	164	266	0
叶	218	226	0
软	94	350	0
灶	268	197	0
与	142	282	0
家	249	210	0
属	165	265	0
沟	20	647	0
通	172	255	0
阿	153	272	0
替	38	520	0
普	35	547	0
酶	58	431	0
溶	130	297	0
栓	156	270	0
疗	1054	60	0
科	418	146	0
偶	108	326	0
今	537	123	0
晨	237	215	0
能	474	132	0
表	82	371	0
简	4	1013	0
单	10	813	0
说	6	932	0
几	28	584	0
个	32	564	0
字	6	933	0
但	28	585	0
是	8	872	0
句	2	1177	0
+	58	432	0
扫	66	409	0
基	231	219	0
底	248	211	0
节	279	192	0
区	423	145	0
额	104	333	0
老	48	468	0
年	284	191	0
改	348	168	0
慢	52	451	0
支	70	399	0
炎	142	283	0
两	267	198	0
肺	236	217	0
肿	92	354	0
度	122	308	0
间	238	214	0
纤	32	565	0
维	30	573	0
主	145	280	0
内	258	202	0
实	20	648	0
结	108	327	0
脏	116	316	0
增	118	314	0
包	10	814	0
少	80	376	0
量	62	423	0
积	54	443	0
液	102	338	0
腺	18	673	0
密	66	410	0
均	28	586	0
规	52	452	0
肝	48	469	0
功	104	334	0
B	12	767	0
i	16	699	0
l	70	400	0
μ	2	1178	0
o	46	477	0
L	100	340	0
;	14	737	0
肌	74	390	0
钙	54	444	0
蛋	30	574	0
白	166	263	0
电	100	341	0
图	66	411	0
提	132	294	0
房	97	344	0
颤	77	384	0
动	768	91	0
早	38	521	0
拖	37	533	0
新	42	488	0
疫	24	607	0
接	94	351	0
触	86	366	0
烟	8	873	0
酒	18	674	0
周	200	237	0
反	204	234	0
复	270	195	0
耳	474	133	0
鸣	378	155	0
声	46	478	0
音	70	401	0
嘶	30	575	0
哑	30	576	0
活	451	139	0
战	40	497	0
特	80	377	0
朦	44	482	0
素	95	349	0
口	323	178	0
华	16	700	0
法	64	419	0
林	120	312	0
厄	4	1014	0
贝	9	871	0
沙	49	466	0
坦	56	438	0
颗	14	738	0
粒	26	594	0
相	60	427	0
关	124	304	0
当	264	200	0
医	286	189	0
考	54	445	0
虑	54	446	0
对	96	347	0
（	172	256	0
具	170	259	0
）	170	260	0
感	561	118	0
M	134	293	0
R	136	290	0
I	116	317	0
顶	92	355	0
骤	4	1015	0
颞	72	394	0
胀	151	273	0
好	292	186	0
A	104	335	0
畸	38	522	0
形	76	386	0
保	48	470	0
守	26	595	0
(	28	587	0
)	30	577	0
情	200	238	0
危	6	934	0
导	16	701	0
异	214	227	0
听	206	232	0
促	103	337	0
萎	105	332	0
胃	138	286	0
欣	8	874	0
然	80	378	0
缬	18	675	0
湖	36	534	0
北	40	498	0
武	36	535	0
汉	38	523	0
浙	34	548	0
江	34	549	0
温	38	524	0
州	74	391	0
吉	34	550	0
省	72	395	0
辽	34	551	0
宁	38	525	0
沈	34	552	0
阳	36	536	0
市	52	453	0
国	42	489	0
风	130	298	0
险	124	305	0
境	40	499	0
居	52	454	0
留	122	309	0
人	166	264	0
员	40	500	0
眩	46	479	0
冷	10	815	0
汗	88	360	0
全	110	324	0
身	68	405	0
乏	196	241	0
敢	122	310	0
睁	18	676	0
眼	126	302	0
秒	54	447	0
又	10	816	0
思	16	702	0
频	88	361	0
齿	24	608	0
龈	24	609	0
畅	34	553	0
濒	2	1179	0
数	140	285	0
脚	42	490	0
凉	14	739	0
聋	80	379	0
6	194	243	0
沉	76	387	0
颈	116	318	0
紧	38	526	0
张	34	554	0
酸	114	319	0
腰	52	455	0
疼	148	278	0
腿	16	703	0
踩	28	588	0
棉	34	555	0
花	52	456	0
断	102	339	0
络	2	1180	0
午	150	275	0
觉	142	284	0
加	344	170	0
:	194	244	0
点	172	257	0
慌	108	328	0
随	38	527	0
皮	24	610	0
影	112	322	0
夜	78	381	0
丧	312	181	0
降	222	223	0
休	132	295	0
息	136	291	0
抗	84	369	0
板	68	406	0
聚	42	491	0
集	42	492	0
善	118	315	0
循	40	501	0
环	40	502	0
较	150	276	0
再	94	352	0
司	82	372	0
匹	72	396	0
氯	54	448	0
吡	24	611	0
格	40	503	0
雷	30	578	0
途	2	1181	0
指	28	589	0
目	258	203	0
或	24	612	0
髋	2	1182	0
剧	18	677	0
烈	12	768	0
摄	8	875	0
骨	36	537	0
折	14	740	0
股	10	817	0
坏	4	1016	0
十	40	504	0
并	62	424	0
被	75	389	0
静	106	331	0
脉	323	179	0
团	10	818	0
遗	98	343	0
利	151	274	0
抓	12	769	0
握	26	596	0
诉	156	271	0
冬	6	935	0
胰	14	741	0
岛	20	649	0
u	18	678	0
摔	56	439	0
跤	2	1183	0
即	32	566	0
依	40	505	0
达	66	412	0
拉	92	356	0
奉	34	556	0
奥	34	557	0
西	32	567	0
低	66	413	0
子	22	628	0
床	99	342	0
9	162	267	0
膜	58	433	0
瘤	38	528	0
室	70	402	0
旁	50	461	0
半	228	220	0
卵	20	650	0
圆	16	704	0
N	14	742	0
S	56	440	0
排	36	538	0
除	56	441	0
5	356	161	0
泵	6	936	0
束	6	937	0
完	70	403	0
灌	16	705	0
注	26	597	0
.	410	148	0
c	16	706	0
暗	6	938	0
带	8	876	0
P	40	506	0
7	173	254	0
％	2	1184	0
总	6	939	0
叉	10	819	0
处	50	462	0
混	6	940	0
合	58	434	0
斑	34	558	0
块	40	507	0
狭	34	559	0
窄	34	560	0
本	58	435	0
差	356	162	0
义	2	1185	0
晰	8	877	0
效	76	388	0
果	50	463	0
磁	24	613	0
共	56	442	0
振	24	614	0
干	40	508	0
鲜	18	679	0
饭	20	651	0
昏	138	287	0
黒	10	820	0
受	48	471	0
限	32	568	0
位	184	249	0
运	16	707	0
绪	16	708	0
落	2	1186	0
社	10	821	0
脱	16	709	0
髓	12	770	0
鞘	10	822	0
颌	28	590	0
窦	88	362	0
筛	20	652	0
宫	8	878	0
盆	12	771	0
角	174	253	0
歪	104	336	0
斜	160	268	0
睑	6	941	0
闭	34	561	0
纹	2	1187	0
称	2	1188	0
流	108	329	0
涎	84	370	0
围	16	710	0
面	90	357	0
经	112	323	0
痹	6	942	0
懞	16	711	0
盗	48	472	0
拜	32	569	0
空	20	653	0
在	197	239	0
之	68	407	0
型	26	598	0
生	71	397	0
方	30	579	0
式	8	879	0
预	22	629	0
卡	8	880	0
波	24	615	0
监	6	943	0
测	38	529	0
踇	2	1189	0
背	18	680	0
肤	12	772	0
划	2	1190	0
伤	44	483	0
碘	4	1017	0
伏	4	1018	0
消	48	473	0
毒	8	881	0
脓	4	1019	0
泌	16	712	0
换	6	944	0
抖	50	464	0
端	52	457	0
同	52	458	0
请	36	539	0
会	48	474	0
嗜	22	630	0
咯	88	363	0
聊	2	1191	0
条	10	823	0
缩	81	374	0
尖	8	882	0
泡	38	530	0
故	86	367	0
喉	14	743	0
跌	58	436	0
倒	130	299	0
殊	48	475	0
理	77	385	0
要	54	449	0
针	10	824	0
扎	6	945	0
样	40	509	0
曾	74	392	0
非	36	540	0
喷	20	654	0
射	93	353	0
容	90	358	0
曚	38	531	0
律	40	510	0
搏	18	681	0
延	10	825	0
硬	87	365	0
椎	62	425	0
供	6	946	0
足	4	1020	0
瑞	18	682	0
舒	20	655	0
伐	68	408	0
他	89	359	0
汀	73	393	0
鲁	4	1021	0
南	20	656	0
康	6	947	0
倍	12	773	0
乐	4	1022	0
克	10	826	0
刚	10	827	0
该	10	828	0
退	70	404	0
良	24	616	0
坐	40	511	0
态	26	599	0
此	12	774	0
曳	8	883	0
托	59	429	0
调	26	600	0
脂	44	484	0
护	38	532	0
展	16	713	0
况	148	279	0
偏	82	373	0
瘫	22	631	0
渐	78	382	0
临	16	714	0
建	62	426	0
议	64	420	0
级	24	617	0
继	20	657	0
烦	14	744	0
躁	20	658	0
安	10	829	0
应	120	313	0
迟	44	485	0
钝	42	493	0
极	2	1192	0
钓	4	1023	0
鱼	4	1024	0
灵	18	683	0
甩	2	1193	0
杆	2	1194	0
向	96	348	0
傍	2	1195	0
h	16	715	0
构	40	512	0
许	44	486	0
其	42	494	0
准	10	830	0
确	58	437	0
渗	10	831	0
肥	14	745	0
厚	22	632	0
囊	52	459	0
段	66	414	0
Q	2	1196	0
钠	12	775	0
钾	10	832	0
补	14	746	0
营	16	716	0
养	26	601	0
染	26	602	0
征	24	618	0
象	6	948	0
男	12	776	0
防	12	777	0
G	10	833	0
卒	24	619	0
略	14	747	0
蹇	2	1197	0
涩	4	1025	0
苷	12	778	0
肽	14	748	0
沫	78	383	0
粉	20	659	0
红	66	415	0
色	66	416	0
瘦	24	620	0
报	32	570	0
告	40	513	0
放	71	398	0
磨	8	884	0
玻	8	885	0
璃	8	886	0
定	40	514	0
舌	30	580	0
粥	10	834	0
齐	4	1026	0
忌	14	749	0
得	8	887	0
给	26	603	0
卧	32	571	0
翻	20	660	0
马	12	779	0
那	5	1012	0
尤	10	835	0
易	16	717	0
疲	4	1027	0
惫	2	1198	0
必	16	718	0
散	8	888	0
索	8	889	0
局	18	684	0
凝	46	480	0
原	12	780	0
比	14	750	0
值	4	1028	0
↓	8	890	0
徐	20	661	0
学	12	781	0
附	42	495	0
输	88	364	0
耐	40	515	0
懵	16	719	0
严	6	949	0
直	20	662	0
而	12	782	0
癫	8	891	0
痫	8	892	0
使	6	950	0
德	2	1199	0
巴	16	720	0
金	20	663	0
妥	2	1200	0
迈	16	721	0
第	30	581	0
三	26	604	0
民	36	541	0
肠	28	591	0
疏	12	783	0
酯	12	784	0
恢	36	542	0
去	10	836	0
疑	12	785	0
似	6	951	0
野	8	893	0
禽	2	1201	0
踏	6	952	0
费	34	562	0
贫	6	953	0
占	10	837	0
介	14	751	0
伽	10	838	0
刀	10	839	0
切	20	664	0
顺	4	1029	0
甚	12	786	0
阻	12	787	0
繁	14	752	0
痒	6	954	0
躺	8	894	0
嗳	20	665	0
甘	16	722	0
草	2	1202	0
镜	6	955	0
智	4	1030	0
写	2	1203	0
份	4	1031	0
氏	6	956	0
咖	10	840	0
啡	10	841	0
球	14	753	0
氨	22	633	0
抬	40	516	0
靡	4	1032	0
帕	18	685	0
森	20	666	0
美	26	605	0
芭	12	788	0
b	4	1033	0
d	24	621	0
由	18	686	0
凌	36	543	0
到	40	517	0
推	4	1034	0
r	18	687	0
t	20	667	0
牙	14	754	0
评	8	895	0
倾	12	789	0
济	2	1204	0
城	4	1035	0
东	4	1036	0
卫	12	790	0
务	4	1037	0
层	8	896	0
阴	4	1038	0
道	22	634	0
瘙	4	1039	0
味	6	957	0
滴	16	723	0
止	28	592	0
妇	2	1205	0
超	20	668	0
回	28	593	0
件	4	1040	0
探	2	1206	0
*	20	669	0
边	8	897	0
界	6	958	0
缘	4	1041	0
弧	2	1207	0
强	12	791	0
信	12	792	0
号	12	793	0
匀	2	1208	0
巢	2	1209	0
？	18	688	0
猝	4	1042	0
丘	14	755	0
根	4	1043	0
僵	10	842	0
待	50	465	0
冒	6	959	0
鼻	20	670	0
邳	10	843	0
D	12	794	0
记	36	544	0
忆	40	518	0
秘	12	795	0
吃	10	844	0
拒	22	635	0
绝	22	636	0
需	4	1044	0
讲	4	1045	0
话	10	845	0
漏	4	1046	0
肾	36	545	0
盐	14	756	0
罗	12	796	0
丁	18	689	0
醋	4	1047	0
唑	22	637	0
q	16	724	0
烧	4	1048	0
盘	18	690	0
仍	60	428	0
伦	4	1049	0
癌	10	846	0
传	14	757	0
滞	4	1050	0
器	12	797	0
知	14	758	0
劳	16	725	0
累	12	798	0
痪	4	1051	0
细	44	487	0
胞	36	546	0
计	6	960	0
^	24	622	0
n	10	847	0
徽	2	1210	0
砀	8	898	0
山	14	759	0
县	12	799	0
剑	4	1052	0
且	22	638	0
存	12	800	0
答	16	726	0
绿	10	848	0
k	6	961	0
浅	12	801	0
泮	16	727	0
升	6	962	0
坎	2	1211	0
粪	4	1053	0
彩	10	849	0
擅	2	1212	0
唇	6	963	0
刷	4	1054	0
座	2	1213	0
椅	4	1055	0
窗	16	728	0
p	6	964	0
a	4	1056	0
独	22	639	0
飘	4	1057	0
粘	6	965	0
将	4	1058	0
远	16	729	0
胆	16	730	0
扩	24	623	0
机	8	899	0
械	2	1214	0
取	8	900	0
陈	8	901	0
旧	8	902	0
松	2	1215	0
粗	2	1216	0
海	20	671	0
绵	10	850	0
末	4	1059	0
躯	6	966	0
谱	4	1060	0
蹲	2	1217	0
胡	10	851	0
想	8	903	0
怒	4	1061	0
歇	14	760	0
买	2	1218	0
菜	2	1219	0
所	42	496	0
枢	2	1220	0
醒	54	450	0
隐	4	1062	0
潮	4	1063	0
洛	18	691	0
列	16	731	0
核	10	852	0
膀	16	732	0
胱	18	692	0
品	8	904	0
种	6	967	0
虫	4	1064	0
工	10	853	0
业	4	1065	0
冶	4	1066	0
游	4	1067	0
族	6	968	0
疾	6	969	0
痉	4	1068	0
挛	4	1069	0
置	16	733	0
追	4	1070	0
问	8	905	0
班	17	697	0
已	6	970	0
停	8	906	0
露	8	907	0
醇	10	854	0
丹	8	908	0
参	6	971	0
唤	12	802	0
咬	6	972	0
仿	4	1071	0
杂	2	1221	0
【	2	1222	0
W	2	1223	0
序	2	1224	0
】	2	1225	0
它	2	1226	0
石	22	640	0
阑	10	855	0
尾	10	856	0
O	2	1227	0
乙	4	1072	0
肛	4	1073	0
肪	2	1228	0
憩	2	1229	0
返	2	1230	0
玩	2	1231	0
瞳	4	1074	0
孔	6	973	0
钩	2	1232	0
疝	14	761	0
镰	2	1233	0
归	2	1234	0
连	4	1075	0
贯	2	1235	0
蝶	8	909	0
鞍	2	1236	0
黏	6	974	0
侵	2	1237	0
范	8	910	0
涉	2	1238	0
尔	18	693	0
羟	2	1239	0
脲	4	1076	0
#	10	857	0
酰	4	1077	0
谷	4	1078	0
胺	8	911	0
曲	12	803	0
银	6	975	0
杏	6	976	0
春	2	1240	0
率	4	1079	0
膝	6	977	0
X	4	1080	0
线	4	1081	0
迷	18	694	0
着	6	978	0
拨	4	1082	0
打	12	804	0
蛛	14	762	0
网	14	763	0
速	10	858	0
%	20	672	0
破	2	1241	0
玛	8	912	0
剂	8	913	0
Y	2	1242	0
首	4	1083	0
的	24	624	0
珍	8	914	0
菊	8	915	0
从	6	979	0
餐	6	980	0
隔	4	1084	0
布	2	1243	0
穿	6	981	0
致	12	805	0
任	4	1085	0
何	4	1086	0
架	6	982	0
植	14	764	0
瓣	4	1087	0
健	6	983	0
忘	22	641	0
丰	2	1244	0
辛	6	984	0
青	6	985	0
~	4	1088	0
田	2	1245	0
执	8	916	0
令	10	859	0
弯	4	1089	0
先	4	1090	0
博	2	1246	0
芦	2	1247	0
释	16	734	0
刺	18	695	0
洗	12	806	0
脸	4	1091	0
逐	48	476	0
眶	4	1092	0
组	6	986	0
织	6	987	0
醉	2	1248	0
Ⅱ	4	1093	0
Ⅲ	2	1249	0
引	10	860	0
燥	2	1250	0
别	6	988	0
胼	4	1094	0
胝	4	1095	0
懂	2	1251	0
乳	6	989	0
季	2	1252	0
肋	10	861	0
脊	2	1253	0
酞	4	1096	0
胶	18	696	0
臀	8	917	0
疱	4	1097	0
疹	6	990	0
泛	2	1254	0
米	4	1098	0
瘀	10	862	0
损	6	991	0
亚	8	918	0
满	4	1099	0
桌	2	1255	0
了	2	1256	0
棘	2	1257	0
骑	10	863	0
瓶	2	1258	0
车	24	625	0
代	10	864	0
厕	6	992	0
擦	2	1259	0
苏	2	1260	0
乌	6	993	0
尼	14	765	0
群	2	1261	0
矿	6	994	0
整	12	807	0
贾	2	1262	0
汪	2	1263	0
吹	2	1264	0
扇	2	1265	0
响	4	1100	0
旅	2	1266	0
愿	6	995	0
按	4	1101	0
嘱	4	1102	0
亢	2	1267	0
桥	8	919	0
举	12	808	0
镇	4	1103	0
亦	4	1104	0
丙	6	996	0
戊	2	1268	0
澡	6	997	0
跳	4	1105	0
己	2	1269	0
虽	2	1270	0
友	2	1271	0
庄	6	998	0
芬	2	1272	0
沿	2	1273	0
拇	2	1274	0
暖	2	1275	0
灸	2	1276	0
摩	2	1277	0
五	8	920	0
喊	8	921	0
仰	2	1278	0
搬	2	1279	0
激	16	735	0
越	2	1280	0
震	10	865	0
葡	4	1106	0
萄	4	1107	0
油	2	1281	0
琥	6	999	0
珀	6	1000	0
氢	12	809	0
噻	4	1108	0
嗪	10	866	0
肉	26	606	0
腊	2	1282	0
抑	8	922	0
郁	2	1283	0
著	4	1109	0
犯	2	1284	0
瞬	2	1285	0
联	12	810	0
伸	6	1001	0
百	8	923	0
淋	8	924	0
V	16	736	0
砂	2	1286	0
潜	2	1287	0
胯	2	1288	0
钴	4	1110	0
硫	10	867	0
蔓	2	1289	0
掌	4	1111	0
酚	2	1290	0
苦	4	1112	0
斤	4	1113	0
碟	2	1291	0
谢	6	1002	0
透	2	1292	0
宽	4	1114	0
微	22	642	0
做	4	1115	0
牌	6	1003	0
算	2	1293	0
账	2	1294	0
诺	2	1295	0
源	4	1116	0
拍	4	1117	0
叫	4	1118	0
龄	2	1296	0
婚	2	1297	0
配	4	1119	0
女	4	1120	0
官	2	1298	0
脾	2	1299	0
宝	2	1300	0
丸	8	925	0
光	10	868	0
泪	4	1121	0
绞	2	1301	0
跛	4	1122	0
淡	6	1004	0
漠	6	1005	0
找	2	1302	0
离	6	1006	0
敷	2	1303	0
涕	6	1007	0
套	2	1304	0
↑	22	643	0
际	2	1305	0
标	4	1123	0
产	2	1306	0
碗	2	1307	0
漓	2	1308	0
喝	2	1309	0
观	2	1310	0
轮	2	1311	0
坠	4	1124	0
赛	2	1312	0
苍	4	1125	0
文	2	1313	0
六	2	1314	0
快	2	1315	0
项	4	1126	0
惊	2	1316	0
商	2	1317	0
楔	2	1318	0
黄	14	766	0
击	2	1319	0
争	2	1320	0
呃	2	1321	0
逆	2	1322	0
移	4	1127	0
交	8	926	0
谈	2	1323	0
贲	2	1324	0
壁	8	927	0
窝	2	1325	0
疸	4	1128	0
s	4	1129	0
陶	2	1326	0
土	2	1327	0
紫	2	1328	0
勉	2	1329	0
搀	4	1130	0
扶	6	1008	0
私	2	1330	0
才	2	1331	0
事	8	928	0
F	4	1131	0
碱	2	1332	0
U	4	1132	0
爬	2	1333	0
筷	4	1133	0
氧	2	1334	0
碳	2	1335	0
铁	6	1009	0
充	4	1134	0
拿	2	1336	0
锁	4	1135	0
名	2	1337	0
京	2	1338	0
霉	2	1339	0
只	2	1340	0
类	2	1341	0
嘴	8	929	0
幻	10	869	0
则	2	1342	0
助	2	1343	0
幕	2	1344	0
获	2	1345	0
益	2	1346	0
把	2	1347	0
虚	2	1348	0
净	2	1349	0
霖	2	1350	0
皋	10	870	0
弃	2	1351	0
迂	4	1136	0
矢	2	1352	0
访	6	1010	0
桐	2	1353	0
乡	2	1354	0
优	2	1355	0
势	2	1356	0
拽	2	1357	0
痴	4	1137	0
呆	4	1138	0
慎	4	1139	0
垂	2	1358	0
梨	2	1359	0
更	2	1360	0
驾	2	1361	0
驶	2	1362	0
辆	2	1363	0
萧	2	1364	0
败	2	1365	0
尽	2	1366	0
潴	4	1140	0
榨	6	1011	0
盈	2	1367	0
福	4	1141	0
碰	2	1368	0
稀	2	1369	0
淮	2	1370	0
终	2	1371	0
膨	2	1372	0
虹	2	1373	0
弓	2	1374	0
母	4	1142	0
亲	4	1143	0
姐	4	1144	0
楼	4	1145	0
E	2	1375	0
躲	2	1376	0
避	2	1377	0
抢	2	1378	0
救	2	1379	0
磺	2	1380	0
看	2	1381	0
愣	2	1382	0
八	2	1383	0
公	2	1384	0
箍	2	1385	0
浑	4	1146	0
怀	4	1147	0
锢	4	1148	0
台	4	1149	0
儿	12	811	0
洋	4	1150	0
伪	4	1151	0
茨	4	1152	0
默	4	1153	0
裂	4	1154	0
牵	4	1155	0
矇	4	1156	0
哕	4	1157	0
麝	4	1158	0
香	4	1159	0
辅	4	1160	0
盂	8	930	0
冲	4	1161	0
莫	4	1162	0
晃	4	1163	0
_	4	1164	0
递	4	1165	0
肱	4	1166	0
膏	4	1167	0
固	4	1168	0
综	4	1169	0
麦	4	1170	0
川	4	1171	0
穹	4	1172	0
暮	4	1173	0
杯	4	1174	0
啤	4	1175	0
嗲	4	1176	0
